{
	"meta": {
		"createdBy": "Area Learning - AR.js 1.6.2",
		"createdAt": "2018-10-10T19:57:27.058Z"
	},
	"trackingBackend": "aruco",
	"subMarkersControls": [
		{
			"parameters": {
				"type": "barcode",
				"barcodeValue": 1001
			},
			"poseMatrix": [
				1,
				0,
				0,
				0,
				0,
				1,
				0,
				0,
				0,
				0,
				1,
				0,
				0,
				0,
				0,
				1
			]
		},
		{
			"parameters": {
				"type": "barcode",
				"barcodeValue": 1002
			},
			"poseMatrix": [
				0.8835391476478599,
				0.4643430795065909,
				0.06118888042797545,
				0,
				-0.4241381042377558,
				0.8486783379174916,
				-0.3159935874083628,
				0,
				-0.19865911282218066,
				0.2532401691358222,
				0.94678612876867,
				0,
				2.202012275287511,
				1.1589314009274714,
				0.13794103746188655,
				1
			]
		},
		{
			"parameters": {
				"type": "barcode",
				"barcodeValue": 1003
			},
			"poseMatrix": [
				0.5469557709378302,
				0.8320953137979177,
				0.09196071657696232,
				0,
				-0.8319429123735452,
				0.5525031130196013,
				-0.05110088702823997,
				0,
				-0.09332939081140022,
				-0.04855614131285827,
				0.9944505648606062,
				0,
				4.517498526342264,
				2.342760061497581,
				0.30171829532201183,
				1
			]
		},
		{
			"parameters": {
				"type": "barcode",
				"barcodeValue": 1004
			},
			"poseMatrix": [
				0.9559880279547068,
				0.09276313578381899,
				0.27835569160127444,
				0,
				0.018273785567864898,
				0.9280397594814951,
				-0.37203262435242007,
				0,
				-0.29283606193276596,
				0.3607453471094006,
				0.8854997658783585,
				0,
				-0.5548324924063938,
				0.7825787850940216,
				2.34673686331131,
				1.0000000000000002
			]
		},
		{
			"parameters": {
				"type": "barcode",
				"barcodeValue": 1005
			},
			"poseMatrix": [
				0.8927211962960535,
				0.4440713289543603,
				0.07648215794844969,
				0,
				-0.35923526573518105,
				0.8038338667897608,
				-0.4741319842132518,
				0,
				-0.27202736909347397,
				0.3957925838144643,
				0.8771256130461323,
				0,
				1.6196352762097646,
				2.074162985777312,
				2.4040657936918617,
				1
			]
		}
	]
}